255 255 255 255 255 255 255 255 255 255 255 255 255 255 255 255
255 235 183 183 183 185 239 212 212 239 185 183 183 183 235 255
255 183  56 120 120   8 199 104 124 207   8 120 120  56 183 255
255 183 120 145  88   8 199 104 147 215   8  88 145 120 183 255
255 183 120  88   0   8 246 231 201 235   8   0  88 120 183 255
255 185   8   8   8  16 253 146 104 238  16   8   8   8 185 255
255 255 229 199 246 255 199  23  56 211 255 255 255 225 239 255
255 226 129 104 143 154 222 124 195 168 252 167 255 120 183 255
255 195  72 132  59 112 246 126  81 114 146  33 190  69 183 255
255 244 208 210 215 240 208 104 128 204 216  37 231 207 239 255
255 185   8   8   8  16 253 250 251 254 255  40 170 139 255 255
255 183 120  88   0   8 246 143  59  47  40 215 155 133 244 255
255 183 120 145  88   8 199  68 148 160 167  88 116  79 183 255
255 183  56 120 120   8 199  55 126 131 135 140 167  72 221 255
255 235 183 183 183 185 239 212 212 239 255 194 230 221 255 255
255 255 255 255 255 255 255 255 255 255 255 255 255 255 255 255
255 255 255 255 255 255 255 255 255 255 255 255 255 255 255 255
255 235 183 183 183 185 239 212 212 239 185 183 183 183 235 255
255 183  56 120 120   8 199 104 124 207   8 120 120  56 183 255
255 183 120 145  88   8 199 104 147 215   8  88 145 120 183 255
255 183 120  88   0   8 246 231 201 235   8   0  88 120 183 255
255 185   8   8   8  16 253 146 104 238  16   8   8   8 185 255
255 255 229 199 246 255 199  23  56 211 255 255 255 225 239 255
255 226 129 104 143 154 222 124 195 168 252 167 255 120 183 255
255 195  72 132  59 112 246 126  81 114 146  33 190  69 183 255
255 244 208 210 215 240 208 104 128 204 216  37 231 207 239 255
255 185   8   8   8  16 253 250 251 254 255  40 170 139 255 255
255 183 120  88   0   8 246 143  59  47  40 215 155 133 244 255
255 183 120 145  88   8 199  68 148 160 167  88 116  79 183 255
255 183  56 120 120   8 199  55 126 131 135 140 167  72 221 255
255 235 183 183 183 185 239 212 212 239 255 194 230 221 255 255
255 255 255 255 255 255 255 255 255 255 255 255 255 255 255 255
255 255 255 255 255 255 255 255 255 255 255 255 255 255 255 255
255 235 183 183 183 185 239 212 212 239 185 183 183 183 235 255
255 183  56 120 120   8 199 104 124 207   8 120 120  56 183 255
255 183 120 145  88   8 199 104 146 215   8  88 145 120 183 255
255 183 120  88   0   8 246 231 201 235   8   0  88 120 183 255
255 185   8   8   8  16 253 146 104 238  16   8   8   8 185 255
255 255 229 199 246 255 199  23  56 211 255 255 255 225 239 255
255 226 129 104 143 154 222 124 195 168 252 167 255 120 183 255
255 195  72 132  59 112 246 126  81 114 145  33 189  69 183 255
255 244 208 210 215 240 208 104 128 204 216  37 231 207 239 255
255 185   8   8   8  16 253 250 251 254 255  40 170 139 255 255
255 183 120  88   0   8 246 143  59  47  40 215 155 133 244 255
255 183 120 145  88   8 199  68 148 160 167  88 116  79 183 255
255 183  56 120 120   8 199  55 126 131 135 140 167  72 221 255
255 235 183 183 183 185 239 212 212 239 255 194 230 221 255 255
255 255 255 255 255 255 255 255 255 255 255 255 255 255 255 255

255 255 255 255 255 255 255 255 255 255 255 255 255 255 255 255
255 235 183 183 183 185 239 183 183 239 255 244 183 221 255 255
255 183  56 120 120   8 225 120  69 207 139 133  79  72 221 255
255 183 120 145  88   8 255 255 190 231 170 155 116 167 230 255
255 183 120  88   0   8 255 167  33  37  40 215  88 140 194 255
255 185   8   8   8  16 255 252 146 216 255  40 167 135 255 255
255 239 207 215 235 238 211 168 114 204 254  47 160 131 239 255
255 212 124 147 201 104  56 195  81 128 251  59 148 126 212 255
255 212 104 104 231 146  23 124 126 104 250 143  68  55 212 255
255 239 199 199 246 253 199 222 246 208 253 246 199 199 239 255
255 185   8   8   8  16 255 154 112 240  16   8   8   8 185 255
255 183 120  88   0   8 246 143  59 215   8   0  88 120 183 255
255 183 120 145  88   8 199 104 132 210   8  88 145 120 183 255
255 183  56 120 120   8 229 129  72 208   8 120 120  56 183 255
255 235 183 183 183 185 255 226 195 244 185 183 183 183 235 255
255 255 255 255 255 255 255 255 255 255 255 255 255 255 255 255
255 255 255 255 255 255 255 255 255 255 255 255 255 255 255 255
255 235 183 183 183 185 239 183 183 239 255 244 183 221 255 255
255 183  56 120 120   8 225 120  69 207 139 133  79  72 221 255
255 183 120 145  88   8 255 255 190 231 170 155 116 167 230 255
255 183 120  88   0   8 255 167  33  37  40 215  88 140 194 255
255 185   8   8   8  16 255 252 146 216 255  40 167 135 255 255
255 239 207 215 235 238 211 168 114 204 254  47 160 131 239 255
255 212 124 147 201 104  56 195  81 128 251  59 148 126 212 255
255 212 104 104 231 146  23 124 126 104 250 143  68  55 212 255
255 239 199 199 246 253 199 222 246 208 253 246 199 199 239 255
255 185   8   8   8  16 255 154 112 240  16   8   8   8 185 255
255 183 120  88   0   8 246 143  59 215   8   0  88 120 183 255
255 183 120 145  88   8 199 104 132 210   8  88 145 120 183 255
255 183  56 120 120   8 229 129  72 208   8 120 120  56 183 255
255 235 183 183 183 185 255 226 195 244 185 183 183 183 235 255
255 255 255 255 255 255 255 255 255 255 255 255 255 255 255 255
255 255 255 255 255 255 255 255 255 255 255 255 255 255 255 255
255 235 183 183 183 185 239 183 183 239 255 244 183 221 255 255
255 183  56 120 120   8 225 120  69 207 139 133  79  72 221 255
255 183 120 145  88   8 255 255 189 231 170 155 116 167 230 255
255 183 120  88   0   8 255 167  33  37  40 215  88 140 194 255
255 185   8   8   8  16 255 252 145 216 255  40 167 135 255 255
255 239 207 215 235 238 211 168 114 204 254  47 160 131 239 255
255 212 124 146 201 104  56 195  81 128 251  59 148 126 212 255
255 212 104 104 231 146  23 124 126 104 250 143  68  55 212 255
255 239 199 199 246 253 199 222 246 208 253 246 199 199 239 255
255 185   8   8   8  16 255 154 112 240  16   8   8   8 185 255
255 183 120  88   0   8 246 143  59 215   8   0  88 120 183 255
255 183 120 145  88   8 199 104 132 210   8  88 145 120 183 255
255 183  56 120 120   8 229 129  72 208   8 120 120  56 183 255
255 235 183 183 183 185 255 226 195 244 185 183 183 183 235 255
255 255 255 255 255 255 255 255 255 255 255 255 255 255 255 255

255 254 254 254 254 254 254 254 254 254 254 254 254 254 254 255
254 247 208 221 199 226 223 213 201 228 187 194 194 191 236 254
254 208 112 161 133 159 148 125  83 189  61 126 121  99 199 254
254 194 143 130 109 205 180 137  98 194  70 103  85 110 201 254
254 220 101 119 127  67  60  86 174 246  70 116  99 114 201 254
254 223 106 116  18 171 174 201 201 209  52 100  99  76 197 254
254 231 191 179  21 153 178 138  73 169 206 220 195 191 242 254
254 189  80 123  42 144  92  76  77 187 110 109 105  76 206 254
254 204 128 193 136 189 174 164 115 176 120 145 113 115 212 254
254 244 208 224 200 200 195  64  32 147 201 233 195 198 236 254
254 187  60  68  68  51 188  80 117 193  40  68  68  55 193 254
254 194 126 103 116  95 191 161 186 198  70 122 106 116 201 254
254 194 122  85  99  96 213 178 127 195  70 106  88 111 201 254
254 191  99 110 114  75 196 153 122 192  56 116 111  91 197 254
254 235 198 201 201 196 233 218 222 243 193 201 201 197 237 254
255 254 254 254 254 254 254 254 254 254 254 254 254 254 254 254
255 254 254 254 254 254 254 254 254 254 254 254 254 254 254 255
254 247 208 221 199 226 223 213 201 228 187 194 194 191 236 254
254 208 112 161 133 159 148 125  83 189  61 126 121  99 199 254
254 194 143 130 109 205 180 137  98 194  70 103  85 110 201 254
254 220 101 119 127  67  60  86 174 246  70 116  99 114 201 254
254 223 106 116  18 171 174 201 201 209  52 100  99  76 197 254
254 231 191 179  21 153 178 138  73 169 206 220 195 191 242 254
254 189  80 123  42 144  92  76  77 187 110 109 105  76 206 254
254 204 128 193 136 189 174 164 115 176 120 145 113 115 212 254
254 244 208 224 200 200 195  64  32 147 201 233 195 198 236 254
254 187  60  68  68  51 188  80 117 193  40  68  68  55 193 254
254 194 126 103 116  95 191 161 186 198  70 122 106 116 201 254
254 194 122  85  99  96 213 178 127 195  70 106  88 111 201 254
254 191  99 110 114  75 196 153 122 192  56 116 111  91 197 254
254 235 198 201 201 196 233 218 222 243 193 201 201 197 237 254
255 254 254 254 254 254 254 254 254 254 254 254 254 254 254 254
255 254 254 254 254 254 254 254 254 254 254 254 254 254 254 255
254 247 208 221 199 226 223 213 201 228 187 194 194 191 236 254
254 208 112 161 133 159 148 125  83 189  61 126 121  99 199 254
254 194 143 130 109 205 180 137  98 194  70 103  85 110 201 254
254 220 101 119 127  67  60  86 174 246  70 116  99 114 201 254
254 223 106 116  18 171 174 201 201 209  52 100  99  76 197 254
254 231 191 179  21 153 178 138  73 169 206 220 195 191 242 254
254 189  80 123  42 144  92  76  77 187 110 109 105  76 206 254
254 204 128 193 136 189 174 164 115 176 120 145 113 115 212 254
254 244 208 224 200 200 195  64  32 147 201 233 195 198 236 254
254 187  60  68  68  51 188  80 117 193  40  68  68  55 193 254
254 194 126 103 116  95 191 161 186 198  70 122 106 116 201 254
254 194 122  85  99  96 213 178 127 195  70 106  88 111 201 254
254 191  99 110 114  75 196 153 122 192  56 116 111  91 197 254
254 235 198 201 201 196 233 218 222 243 193 201 201 197 237 254
255 254 254 254 254 254 254 254 254 254 254 254 254 254 254 254

255 255 254 254 254 254 255 254 254 255 254 254 254 254 255 255
255 236 194 196 196 189 243 202 208 234 189 196 196 192 234 255
254 197  99 114 117  73 195  74 115 197  61 119 113  96 192 254
254 200 118  86  94  95 203 106 116 191  73 105  82 113 196 254
254 200 124 109 117  95 225 110 144 233  74 126 105 119 196 254
254 195  66  75  76  52 209 115 120 199  50  74  75  62 189 254
255 230 184 191 244 210 163 184 175 144 190 197 192 186 240 255
255 208  86  99 168 208  79  72 114  36 112 191 135 127 221 254
255 216 127 138  89 201 140  80 163  72  80 157 174 150 213 254
255 228 150 180  64 174 183  94 166 202 192 195 217 201 234 255
255 229 160 203  74 171 155 142 192 198  51  91  92  71 189 254
254 206 133 112 127  22  28  44 137 201  72 117  94 117 196 254
255 223 159 136 117 111 185 120 190 223  73 109  86 114 196 254
255 214 113 138 106 106 197  78 126 207  65 124 118  99 193 254
255 249 214 200 223 226 235 195 209 244 196 200 200 197 236 255
255 255 255 254 255 255 255 254 255 255 254 254 254 254 255 255
255 255 254 254 254 254 255 254 254 255 254 254 254 254 255 255
255 236 194 196 196 189 243 202 208 234 189 196 196 192 234 255
254 197  99 114 117  73 195  74 115 197  61 119 113  96 192 254
254 200 118  86  94  95 203 106 116 191  73 105  82 113 196 254
254 200 124 109 117  95 225 110 144 233  74 126 105 119 196 254
254 195  66  75  76  52 209 115 120 199  50  74  75  62 189 254
255 230 184 191 244 210 163 184 175 144 190 197 192 186 240 255
255 208  86  99 168 208  79  72 114  36 112 191 135 127 221 254
255 216 127 138  89 201 140  80 163  72  80 157 174 150 213 254
255 228 150 180  64 174 183  94 166 202 192 195 217 201 234 255
255 229 160 203  74 171 155 142 192 198  51  91  92  71 189 254
254 206 133 112 127  22  28  44 137 201  72 117  94 117 196 254
255 223 159 136 117 111 185 120 190 223  73 109  86 114 196 254
255 214 113 138 106 106 197  78 126 207  65 124 118  99 193 254
255 249 214 200 223 226 235 195 209 244 196 200 200 197 236 255
255 255 255 254 255 255 255 254 255 255 254 254 254 254 255 255
255 255 254 254 254 254 255 254 254 255 254 254 254 254 255 255
255 236 194 196 196 189 243 202 208 234 189 196 196 192 234 255
254 197  99 114 117  73 195  74 115 197  61 119 113  96 192 254
254 200 118  86  94  95 203 106 116 191  73 105  82 113 196 254
254 200 124 109 117  95 225 110 144 233  74 126 105 119 196 254
254 195  66  75  76  52 209 115 120 199  50  74  75  62 189 254
255 230 184 191 244 210 163 184 175 144 190 197 192 186 240 255
255 208  86  99 168 208  79  72 114  36 112 191 135 127 221 254
255 216 127 138  89 201 140  80 163  72  80 157 174 150 213 254
255 228 150 180  64 174 183  94 166 202 192 195 217 201 234 255
255 229 160 203  74 171 155 142 192 198  51  91  92  71 189 254
254 206 133 112 127  22  28  44 137 201  72 117  94 117 196 254
255 223 159 136 117 111 185 120 190 223  73 109  86 114 196 254
255 214 113 138 106 106 197  78 126 207  65 124 118  99 193 254
255 249 214 200 223 226 235 195 209 244 196 200 200 197 236 255
255 255 255 254 255 255 255 254 255 255 254 254 254 254 255 255
